fitness: 0.9774657339769237
rmse: 0.005402280284674706
rotation_error_deg: 9.74631617309423
translation_error: 0.0685694438965768
