fitness: 0.9108910891089109
rmse: 0.006220680800746207
rotation_error_deg: 0.9419562092418233
translation_error: 0.05462309674081952
