fitness: 0.8972195216799533
rmse: 0.00981553040121837
rotation_error_deg: 35.22901082308261
translation_error: 0.1001865569760173
