fitness: 0.7027651486919579
rmse: 0.010086595326377571
rotation_error_deg: 98.3209252536593
translation_error: 0.04355843908607157
