fitness: 0.9910323926868044
rmse: 0.001947995035922269
rotation_error_deg: 1.2298279406346946
translation_error: 0.10071364820444148
