fitness: 0.7595936794582393
rmse: 0.007433597697309234
rotation_error_deg: 6.938913828057366
translation_error: 0.06288384295564335
