fitness: 0.8239937779506125
rmse: 0.007607446808547432
rotation_error_deg: 10.305776079573114
translation_error: 0.045558828860861204
