fitness: 0.7339246119733924
rmse: 0.008614885406728874
rotation_error_deg: 67.3937486302919
translation_error: 0.12574566912154106
