fitness: 0.7339246119733924
rmse: 0.008614885406728902
rotation_error_deg: 67.39374863029177
translation_error: 0.12574566912154117
