fitness: 1.0
rmse: 0.002436031682219892
rotation_error_deg: 0.8051584812188238
translation_error: 0.04916106808588319
