fitness: 0.9994983406652774
rmse: 0.0015819611445200528
rotation_error_deg: 0.21723974810004898
translation_error: 0.05105484103331692
