fitness: 0.8283582089552238
rmse: 0.009239070434673834
rotation_error_deg: 19.015481247696105
translation_error: 0.07569409995045041
