fitness: 1.0
rmse: 0.005415710186903618
rotation_error_deg: 0.6762232645686483
translation_error: 0.0509885752319381
