fitness: 0.811375054875372
rmse: 0.0071359011693240045
rotation_error_deg: 8.344612886840181
translation_error: 0.06532212071549891
