fitness: 0.942008486562942
rmse: 0.006816263587417604
rotation_error_deg: 9.33713227089936
translation_error: 0.06809998123807945
