fitness: 0.9959349593495935
rmse: 0.004487794816319067
rotation_error_deg: 0.6528976935428323
translation_error: 0.051425681342542204
