fitness: 0.8400869021363442
rmse: 0.008527018083804109
rotation_error_deg: 64.65550311349855
translation_error: 0.029409668566430902
