fitness: 0.7900102434027608
rmse: 0.005857108429055805
rotation_error_deg: 0.9433326413225049
translation_error: 0.05055130634974584
