fitness: 1.0
rmse: 0.0012306936682877202
rotation_error_deg: 0.32446146353915795
translation_error: 0.05434506129679211
