fitness: 0.9710982658959537
rmse: 0.0035121776181311006
rotation_error_deg: 0.49573071403438057
translation_error: 0.05079359335806949
