fitness: 0.9219267530992713
rmse: 0.004043744903924854
rotation_error_deg: 0.818906950119196
translation_error: 0.02503382911875863
