fitness: 0.9388662818207627
rmse: 0.0043517047880782655
rotation_error_deg: 5.0106603565953565
translation_error: 0.026395248203303568
