fitness: 0.9993208059769074
rmse: 0.004854270106635111
rotation_error_deg: 10.189167158224421
translation_error: 0.025697218869534653
