fitness: 1.0
rmse: 0.0024203467461740478
rotation_error_deg: 0.34823324899422375
translation_error: 0.05451776815386703
