fitness: 0.5903846153846154
rmse: 0.010416982867687921
rotation_error_deg: 103.49648554176756
translation_error: 0.04170178566198442
