fitness: 0.9911317567567568
rmse: 0.0019562190942312464
rotation_error_deg: 1.3439703236901865
translation_error: 0.10117213211167571
