fitness: 0.7421349406960918
rmse: 0.006722207962103332
rotation_error_deg: 0.6548880055541442
translation_error: 0.0553212466640529
