fitness: 0.8729969441752999
rmse: 0.007080521709156187
rotation_error_deg: 12.372362726861931
translation_error: 0.020180135414003035
