fitness: 0.16700206206056992
rmse: 0.0014581006353069166
rotation_error_deg: 59.08615183935806
translation_error: 0.06001450742121338
