fitness: 0.7952295009999513
rmse: 0.005933757859360588
rotation_error_deg: 3.0700064689087965
translation_error: 0.05408148304908137
