fitness: 0.9935465366413309
rmse: 0.0010606976234693837
rotation_error_deg: 0.23497443379585808
translation_error: 0.05167825246710906
