fitness: 0.9802631578947368
rmse: 0.005989720724109717
rotation_error_deg: 1.0113489419931478
translation_error: 0.02673015462541896
