fitness: 0.9710982658959537
rmse: 0.003522847176531381
rotation_error_deg: 0.15940452327082164
translation_error: 0.05177672313212762
