fitness: 0.7301587301587301
rmse: 0.008203367710508572
rotation_error_deg: 3.4710254844952155
translation_error: 0.05428044510375643
