fitness: 0.8076465927099842
rmse: 0.0011272424073330682
rotation_error_deg: 1.832588148703874
translation_error: 0.026352674132137096
