fitness: 0.9710982658959537
rmse: 0.0034507502870010577
rotation_error_deg: 0.2169618601313529
translation_error: 0.05255179004173899
