fitness: 0.9213759213759214
rmse: 0.006128462537930772
rotation_error_deg: 4.059700440540463
translation_error: 0.05444446378706749
