fitness: 0.9219267530992713
rmse: 0.004043574979448516
rotation_error_deg: 0.818027340738851
translation_error: 0.02503823930590717
