fitness: 0.9964747356051704
rmse: 0.0030873702378506067
rotation_error_deg: 0.4162899221036459
translation_error: 0.05078361322755548
