fitness: 0.7151832460732984
rmse: 0.001538189006158588
rotation_error_deg: 0.5086260922331189
translation_error: 0.0497570687298151
