fitness: 0.9413583167723416
rmse: 0.00452023738421172
rotation_error_deg: 6.700046832264852
translation_error: 0.02640268793922597
