fitness: 0.9994983406652774
rmse: 0.0015866637867052622
rotation_error_deg: 0.14016157260120438
translation_error: 0.05153170975062209
