fitness: 0.9912559618441972
rmse: 0.001970563228252465
rotation_error_deg: 1.5313593684986977
translation_error: 0.10092582501690621
