fitness: 0.9066478076379066
rmse: 0.006288778969940682
rotation_error_deg: 1.423156276454109
translation_error: 0.05204277004586818
