fitness: 1.0
rmse: 0.0024293971671388408
rotation_error_deg: 0.25160492553110997
translation_error: 0.05380455407089257
