fitness: 1.0
rmse: 0.0026448726986558024
rotation_error_deg: 0.5996778209851651
translation_error: 0.05503710721696864
