fitness: 1.0
rmse: 0.0031830906735498305
rotation_error_deg: 0.5912003398295093
translation_error: 0.05504323231869861
