fitness: 0.9994983406652774
rmse: 0.001560566014472821
rotation_error_deg: 0.27088347260976514
translation_error: 0.050783295981119615
