fitness: 0.461755243534429
rmse: 0.009261047346158324
rotation_error_deg: 50.708222678028605
translation_error: 0.018953072111705337
