fitness: 0.8240017956455595
rmse: 0.008404868296639306
rotation_error_deg: 73.8741734772214
translation_error: 0.1443333968903857
