fitness: 0.8808140259869816
rmse: 0.005095569259796495
rotation_error_deg: 5.11746087737316
translation_error: 0.1053781996613504
