fitness: 0.832089552238806
rmse: 0.009063425906176405
rotation_error_deg: 13.311688798313247
translation_error: 0.06807173613510484
