fitness: 0.7290621746948046
rmse: 0.0011006901577281804
rotation_error_deg: 2.0212022194783863
translation_error: 0.030214963513423752
