fitness: 0.9670542635658915
rmse: 0.00422182421356869
rotation_error_deg: 0.25525581391717106
translation_error: 0.05290733053650942
