fitness: 0.997056825899932
rmse: 0.0034092303888608256
rotation_error_deg: 0.254620412890624
translation_error: 0.02684833153841524
