fitness: 0.6754385964912281
rmse: 0.001670512677216288
rotation_error_deg: 1.9991619526859878
translation_error: 0.05603795430828743
