fitness: 0.5023102146263911
rmse: 0.00951761405891913
rotation_error_deg: 2.348962534155248
translation_error: 0.10050602857521047
