fitness: 0.4751341414944356
rmse: 0.00970892661761076
rotation_error_deg: 2.6556124127823777
translation_error: 0.1008232311898862
