fitness: 0.932606319554849
rmse: 0.0005699476862102206
rotation_error_deg: 0.5716118773981088
translation_error: 0.10140672685635846
