fitness: 0.9986982114557392
rmse: 0.0031137480215185378
rotation_error_deg: 2.822188209321751
translation_error: 0.02858045986737228
