fitness: 0.9961996271332282
rmse: 0.0018747365835076872
rotation_error_deg: 1.901042188392961
translation_error: 0.051900185317645064
