fitness: 0.7379261363636364
rmse: 0.0016708260587273162
rotation_error_deg: 1.1846547643205225
translation_error: 0.10164704174899998
