fitness: 0.9834558823529411
rmse: 0.002642790590848556
rotation_error_deg: 0.2221425523512943
translation_error: 0.0526134324316743
