fitness: 0.94819441934901
rmse: 0.004732534956884568
rotation_error_deg: 1.2826771589140251
translation_error: 0.055509912866974424
