fitness: 0.812399395151456
rmse: 0.007241325738864305
rotation_error_deg: 8.309884327397697
translation_error: 0.06513336596147867
