fitness: 0.9935465366413309
rmse: 0.0010796952418475614
rotation_error_deg: 0.37216681343633584
translation_error: 0.05096875773079322
