fitness: 0.9935465366413309
rmse: 0.0010797075926108337
rotation_error_deg: 0.37228391866998306
translation_error: 0.05096884097090536
