fitness: 0.9276297880614427
rmse: 0.008830153005173714
rotation_error_deg: 144.32004043902603
translation_error: 0.27260652599704166
