fitness: 0.9899890699523053
rmse: 0.001961119719557621
rotation_error_deg: 0.15526776320095792
translation_error: 0.10104628184664852
