fitness: 1.0
rmse: 0.0012303171138224433
rotation_error_deg: 0.27140339029181326
translation_error: 0.05424502448382513
