fitness: 0.7958148383005708
rmse: 0.0059607311300884725
rotation_error_deg: 3.432721601605901
translation_error: 0.05436331611063366
