fitness: 0.9912559618441972
rmse: 0.0019705632282524606
rotation_error_deg: 1.5313593684991738
translation_error: 0.10092582501690621
