fitness: 0.9939767675319088
rmse: 0.001171406134832664
rotation_error_deg: 0.5922454846367549
translation_error: 0.05100189532146894
