fitness: 0.9774915464236855
rmse: 0.005402567029808915
rotation_error_deg: 9.644704408750869
translation_error: 0.06844897819208749
