fitness: 0.9912280701754386
rmse: 0.0056377558623633
rotation_error_deg: 4.431527222390215
translation_error: 0.027388611681142906
