fitness: 0.8556712700928232
rmse: 0.009030424547554719
rotation_error_deg: 40.141993658388806
translation_error: 0.01898602719633936
