fitness: 0.9938333572350495
rmse: 0.0011498528700735013
rotation_error_deg: 0.7044334740295902
translation_error: 0.051056147644305404
