fitness: 0.26226870474658087
rmse: 0.0018819733699634636
rotation_error_deg: 5.841330170627901
translation_error: 0.029427891040611977
