fitness: 0.9994983406652774
rmse: 0.0015596458284584038
rotation_error_deg: 0.2380476585432254
translation_error: 0.05071350815137949
