fitness: 0.997056825899932
rmse: 0.0034133872506705433
rotation_error_deg: 0.27144971361570663
translation_error: 0.026821117890920763
