fitness: 0.9797794117647058
rmse: 0.002388252995205539
rotation_error_deg: 0.05206276765230049
translation_error: 0.05177360974823526
