fitness: 0.946515397082658
rmse: 0.0005172671690870496
rotation_error_deg: 0.16543701210213918
translation_error: 0.0515761355775224
