fitness: 0.7183520599250937
rmse: 0.010476747364536158
rotation_error_deg: 54.106103338065545
translation_error: 0.11087202390946999
