fitness: 0.9925854652479058
rmse: 0.007121777596683222
rotation_error_deg: 17.20544259173888
translation_error: 0.024460047679204965
