fitness: 0.0
rmse: inf
rotation_error_deg: 44.79809893442769
translation_error: 0.014690409358010309
