fitness: 0.7063492063492064
rmse: 0.007377246501273431
rotation_error_deg: 1.446997110887775
translation_error: 0.05210938767252267
