fitness: 0.9392132740292104
rmse: 0.004367972159995723
rotation_error_deg: 5.25639039976431
translation_error: 0.02628648216009914
