fitness: 0.9710982658959537
rmse: 0.0035092186191625504
rotation_error_deg: 0.44958548353826555
translation_error: 0.05089414281447801
