fitness: 0.9236617141415098
rmse: 0.009649760736919267
rotation_error_deg: 30.74698675372386
translation_error: 0.04164414661016538
