fitness: 0.8315941933572534
rmse: 0.006693482435829375
rotation_error_deg: 15.328560127881147
translation_error: 0.008783964036113813
