fitness: 0.8700361010830325
rmse: 0.0060442824703158165
rotation_error_deg: 3.547417293667262
translation_error: 0.053922188037719705
