fitness: 0.011627906976744186
rmse: 0.0019211817088027306
rotation_error_deg: 29.0933954918556
translation_error: 0.008392254850249808
