fitness: 0.9010458567980691
rmse: 0.0055941149097879835
rotation_error_deg: 7.312241251097591
translation_error: 0.026804972596515125
