fitness: 0.9986982114557392
rmse: 0.003113748021518529
rotation_error_deg: 2.822188209322785
translation_error: 0.028580459867372728
