fitness: 0.9939767675319088
rmse: 0.0011633036518780766
rotation_error_deg: 0.49136242570171706
translation_error: 0.0517562037444879
