fitness: 0.9524276606179499
rmse: 0.004867400941140701
rotation_error_deg: 0.708361695723111
translation_error: 0.05497241766021174
