fitness: 0.8240017956455595
rmse: 0.008404868296639313
rotation_error_deg: 73.87417347722135
translation_error: 0.1443333968903861
