fitness: 0.9971160778658976
rmse: 0.005891024425897376
rotation_error_deg: 12.02361532609712
translation_error: 0.02623565681424031
