fitness: 0.9986982114557392
rmse: 0.003113748021518543
rotation_error_deg: 2.8221882093196844
translation_error: 0.028580459867372402
