fitness: 0.9959349593495935
rmse: 0.0044877606851691405
rotation_error_deg: 0.6528748225075177
translation_error: 0.051425444001342184
