fitness: 0.9774657339769237
rmse: 0.0054016931064024
rotation_error_deg: 9.628601737114536
translation_error: 0.06842277410103058
