fitness: 0.9797794117647058
rmse: 0.002427629553079533
rotation_error_deg: 0.8011827671466523
translation_error: 0.05094946202273148
