fitness: 0.9392132740292104
rmse: 0.0043679721599957375
rotation_error_deg: 5.256390399764588
translation_error: 0.026286482160099038
