fitness: 0.9392132740292104
rmse: 0.004367972159995725
rotation_error_deg: 5.256390399765976
translation_error: 0.026286482160099395
