fitness: 0.5456826311605724
rmse: 0.008980775642792234
rotation_error_deg: 15.670068840787632
translation_error: 0.07973424798746555
