fitness: 0.7556935817805382
rmse: 0.011006133581593941
rotation_error_deg: 113.63116432096635
translation_error: 0.24028479698586455
