fitness: 0.3734087694483734
rmse: 0.0015132036370927872
rotation_error_deg: 1.7629843176431488
translation_error: 0.05592743249297555
