fitness: 0.918918918918919
rmse: 0.0064042271609501935
rotation_error_deg: 0.6477267986210719
translation_error: 0.05338135959105691
