fitness: 0.03289473684210526
rmse: 0.001971855037461807
rotation_error_deg: 45.20930910150579
translation_error: 0.0459963599761449
