fitness: 0.9937616520866198
rmse: 0.0011021357495216806
rotation_error_deg: 0.25558692490728957
translation_error: 0.05178615848924345
