fitness: 1.0
rmse: 0.0025263707804413322
rotation_error_deg: 0.20594299054708182
translation_error: 0.05129115443241842
