fitness: 0.9912311208267091
rmse: 0.001967866717819659
rotation_error_deg: 1.5243549195159
translation_error: 0.10109289092340874
