fitness: 0.8255413738706439
rmse: 0.009543416938264
rotation_error_deg: 13.932621866859344
translation_error: 0.06880846294872986
