fitness: 1.0
rmse: 0.0025910178224018907
rotation_error_deg: 0.8916272178135046
translation_error: 0.05565875769761652
