fitness: 0.5456826311605724
rmse: 0.008980775642792233
rotation_error_deg: 15.67006884078749
translation_error: 0.07973424798746549
