fitness: 0.7063492063492064
rmse: 0.007780899391317814
rotation_error_deg: 2.497373249227217
translation_error: 0.0492630548377244
