fitness: 0.8325581395348837
rmse: 0.00893993252368669
rotation_error_deg: 173.91290128244884
translation_error: 0.2358467258564794
