fitness: 0.8418604651162791
rmse: 0.008286135685355215
rotation_error_deg: 29.655391159733558
translation_error: 0.03478144691751437
