fitness: 0.6430155210643016
rmse: 0.00841701844318363
rotation_error_deg: 107.24012727808315
translation_error: 0.03326736712042321
