fitness: 0.9935465366413309
rmse: 0.0010853202019248415
rotation_error_deg: 0.2895275016885446
translation_error: 0.051105229037496765
