fitness: 0.9994983406652774
rmse: 0.0015867503762655752
rotation_error_deg: 0.13950094611068004
translation_error: 0.05153309504509288
