fitness: 0.8227303599728323
rmse: 0.0010923221535559283
rotation_error_deg: 1.804259917855819
translation_error: 0.02596152280586483
