fitness: 0.8681696885053745
rmse: 0.004979517245980356
rotation_error_deg: 0.5858539345278075
translation_error: 0.10317008861988018
