fitness: 0.3067484662576687
rmse: 0.013531028077239582
rotation_error_deg: 101.13688647224342
translation_error: 0.22182668559595703
