fitness: 0.8894808477542291
rmse: 0.009811497907397031
rotation_error_deg: 36.98453947344943
translation_error: 0.102092226363821
