fitness: 0.8099117116238232
rmse: 0.007016756340690033
rotation_error_deg: 8.12391737290413
translation_error: 0.06477205963834796
