fitness: 0.9321591812400636
rmse: 0.0005529747807300669
rotation_error_deg: 0.37922004374866675
translation_error: 0.10162464167540303
