fitness: 0.8025851938895417
rmse: 0.0015042677698672623
rotation_error_deg: 0.7981076509080364
translation_error: 0.0520132430544912
