fitness: 0.9774657339769237
rmse: 0.005401842036382879
rotation_error_deg: 9.699838680722836
translation_error: 0.0685348749053432
