fitness: 0.997056825899932
rmse: 0.0034133872506705355
rotation_error_deg: 0.27144971362107734
translation_error: 0.026821117890920697
