fitness: 0.30344157106747033
rmse: 0.001076677081863951
rotation_error_deg: 9.695597761457318
translation_error: 0.05557385343501484
