fitness: 0.7365067348033185
rmse: 0.001044832531270736
rotation_error_deg: 1.9096328395916227
translation_error: 0.029931572860016173
