fitness: 0.8162705439309674
rmse: 0.008291940545346696
rotation_error_deg: 82.33894475054004
translation_error: 0.14086771017988922
