fitness: 0.008869179600886918
rmse: 0.0017090830796729216
rotation_error_deg: 55.91060792495238
translation_error: 0.10895810548572943
