fitness: 0.8536651759673343
rmse: 0.007678135272199613
rotation_error_deg: 13.816983965858876
translation_error: 0.062382914908719625
