fitness: 0.0182370820668693
rmse: 0.0018155337295097174
rotation_error_deg: 44.79809893442769
translation_error: 0.008760232652800896
