fitness: 0.9965277777777778
rmse: 0.005826333076024887
rotation_error_deg: 8.062551300464305
translation_error: 0.053128091509439486
