fitness: 0.7312952534191473
rmse: 0.010599140278063442
rotation_error_deg: 55.48203824736557
translation_error: 0.04373609475335106
