fitness: 0.7948392761328715
rmse: 0.005919960083801184
rotation_error_deg: 2.8712771026395867
translation_error: 0.05355971601529611
