fitness: 0.03745318352059925
rmse: 0.001949697463537454
rotation_error_deg: 89.86162073220821
translation_error: 0.17868450615629436
