fitness: 0.9213759213759214
rmse: 0.006235024785571988
rotation_error_deg: 1.800493358861982
translation_error: 0.05316409523409694
