fitness: 0.9596250901225667
rmse: 0.008537326027489786
rotation_error_deg: 23.989165700645867
translation_error: 0.018926607066692892
