fitness: 0.9421153906816819
rmse: 0.004584674512588699
rotation_error_deg: 7.150352503090351
translation_error: 0.02645850416539618
