fitness: 0.7905955807033803
rmse: 0.005874693466578603
rotation_error_deg: 1.0604966866702825
translation_error: 0.05077957686352075
