fitness: 1.0
rmse: 0.0025707148295750805
rotation_error_deg: 0.47908872268841607
translation_error: 0.0509631220861114
