fitness: 0.9938333572350495
rmse: 0.0011441006695352479
rotation_error_deg: 0.59750435622
translation_error: 0.05105722736972805
