fitness: 1.0
rmse: 0.0012397791758036428
rotation_error_deg: 0.22012159673281437
translation_error: 0.05363776280542511
