fitness: 0.15375215103374318
rmse: 0.0015022313154317323
rotation_error_deg: 9.641143327708235
translation_error: 0.09515497604527882
