fitness: 0.17173047170742947
rmse: 0.0014636513519836053
rotation_error_deg: 38.5458537091254
translation_error: 0.03262486116178217
