fitness: 0.9152215799614644
rmse: 0.00464592865251359
rotation_error_deg: 0.9598569675925471
translation_error: 0.0533795077754423
