fitness: 0.8533929613066303
rmse: 0.007671530460057827
rotation_error_deg: 13.73928892749393
translation_error: 0.06219278162892888
