fitness: 0.8535874003499903
rmse: 0.007676018690801717
rotation_error_deg: 13.798408608832405
translation_error: 0.06235544624002938
