fitness: 0.9219267530992713
rmse: 0.00404357497944852
rotation_error_deg: 0.8180273407370688
translation_error: 0.025038239305907112
