fitness: 0.8856747161861662
rmse: 0.0006385572232519535
rotation_error_deg: 0.28350610120531533
translation_error: 0.05398896250089309
