fitness: 0.975609756097561
rmse: 0.0050640576433679235
rotation_error_deg: 1.095323556929219
translation_error: 0.10110007185950938
