fitness: 0.9994983406652774
rmse: 0.0015582233603708797
rotation_error_deg: 0.15226757321145407
translation_error: 0.05065570712201373
