fitness: 0.9899890699523053
rmse: 0.001961112777955855
rotation_error_deg: 0.15555993313380295
translation_error: 0.10104650983758025
