fitness: 0.49002217294900224
rmse: 0.010847612178393131
rotation_error_deg: 5.390696657638925
translation_error: 0.09826276322101944
