fitness: 0.4090081552235828
rmse: 0.009294333202986565
rotation_error_deg: 89.71508683694904
translation_error: 0.04141941521075144
