fitness: 0.9599168220278216
rmse: 0.0005636424114498072
rotation_error_deg: 0.2839017815221365
translation_error: 0.051722728354453115
