fitness: 0.8923395445134575
rmse: 0.010427761897781905
rotation_error_deg: 142.28043595087684
translation_error: 0.27442104043724813
