fitness: 0.7951319447831813
rmse: 0.005929635662873597
rotation_error_deg: 3.116537290036574
translation_error: 0.054065996422462834
