fitness: 0.5857275254865616
rmse: 0.0006415697669277759
rotation_error_deg: 1.0511703010417406
translation_error: 0.04963203230308247
