fitness: 0.7900102434027608
rmse: 0.005857129359835253
rotation_error_deg: 0.9442285880025137
translation_error: 0.050554546086761805
