fitness: 0.4090081552235828
rmse: 0.00929433320298655
rotation_error_deg: 89.71508683694904
translation_error: 0.041419415210751376
