fitness: 1.0
rmse: 0.0054921983384606885
rotation_error_deg: 0.8657966504185868
translation_error: 0.05189459902746404
