fitness: 0.7584650112866818
rmse: 0.007065604539444951
rotation_error_deg: 2.7345488727504375
translation_error: 0.053526685738385746
