fitness: 0.4188842058009327
rmse: 0.010465069798296794
rotation_error_deg: 29.906251880728608
translation_error: 0.0488039412261683
