fitness: 0.9964747356051704
rmse: 0.0031438885153818505
rotation_error_deg: 0.30678555764844534
translation_error: 0.05168469161604732
