fitness: 1.0
rmse: 0.0031548438448172145
rotation_error_deg: 1.2358930092605662
translation_error: 0.05624379320621325
