fitness: 0.9994983406652774
rmse: 0.0015893050262122113
rotation_error_deg: 0.207204828977435
translation_error: 0.05138568492816592
