fitness: 0.9481686069022482
rmse: 0.004731704267154695
rotation_error_deg: 1.2808030706722617
translation_error: 0.05550640570469683
