fitness: 0.005797101449275362
rmse: 0.0020272579867855523
rotation_error_deg: 55.91060792495238
translation_error: 0.1018872811597256
