fitness: 0.9994983406652774
rmse: 0.0015590276683363526
rotation_error_deg: 0.23403245567811803
translation_error: 0.050755119708962564
