fitness: 0.9912559618441972
rmse: 0.001970563228252468
rotation_error_deg: 1.5313593685020301
translation_error: 0.10092582501690603
