fitness: 0.7979559004447809
rmse: 0.009674969741214803
rotation_error_deg: 65.6497491894226
translation_error: 0.042180553807448326
