fitness: 0.9479879197749155
rmse: 0.00472737217122351
rotation_error_deg: 1.2509572211520172
translation_error: 0.0554813163418267
