fitness: 0.835920177383592
rmse: 0.0076196987634818015
rotation_error_deg: 10.131290120624994
translation_error: 0.10504905448511824
