fitness: 0.1662971175166297
rmse: 0.014699112406147088
rotation_error_deg: 14.19283714373969
translation_error: 0.09865366952274518
