fitness: 0.9925854652479058
rmse: 0.007121777596683206
rotation_error_deg: 17.205442591739313
translation_error: 0.024460047679204962
