fitness: 0.7979559004447809
rmse: 0.009674969741214805
rotation_error_deg: 65.64974918942256
translation_error: 0.042180553807448284
