fitness: 0.9928057553956835
rmse: 0.0024922927865120175
rotation_error_deg: 0.934575329819501
translation_error: 0.05371781200699507
