fitness: 0.1847020974137716
rmse: 0.0015506086319131715
rotation_error_deg: 6.61459330843205
translation_error: 0.095116430451015
