fitness: 0.3115802580937288
rmse: 0.01234628575274596
rotation_error_deg: 2.763910818303198
translation_error: 0.028665553249665115
