fitness: 0.5522831109160837
rmse: 0.0013352437537055579
rotation_error_deg: 3.046330176302982
translation_error: 0.05377265281414044
