fitness: 1.0
rmse: 0.002526274871990668
rotation_error_deg: 0.20596090136833378
translation_error: 0.05128953317830732
