fitness: 0.9994983406652774
rmse: 0.001586757513014386
rotation_error_deg: 0.13954399747725732
translation_error: 0.05153331489056808
