fitness: 0.6590909090909091
rmse: 0.010656048457654674
rotation_error_deg: 28.889761065332067
translation_error: 0.10729179364292549
