fitness: 0.3458980044345898
rmse: 0.0018744750407592738
rotation_error_deg: 2.7534014729695397
translation_error: 0.10404735749804016
