fitness: 0.9959349593495935
rmse: 0.004479505690044083
rotation_error_deg: 0.5237310583664969
translation_error: 0.051477772976296854
