fitness: 0.9986133122028527
rmse: 0.0031079018313425327
rotation_error_deg: 2.5734541913068383
translation_error: 0.028665158601251184
