fitness: 0.8162705439309674
rmse: 0.008291940545346741
rotation_error_deg: 82.33894475054002
translation_error: 0.1408677101798898
