fitness: 0.48337028824833705
rmse: 0.010776708433511495
rotation_error_deg: 4.555538598307113
translation_error: 0.09846303649482194
