fitness: 1.0
rmse: 0.0012345184521482292
rotation_error_deg: 0.13955303648489337
translation_error: 0.053386413660338417
