fitness: 0.8534707369239743
rmse: 0.007672829433182966
rotation_error_deg: 13.742853076471798
translation_error: 0.06225541273412279
