fitness: 0.9964747356051704
rmse: 0.003145681793645824
rotation_error_deg: 0.181232682527071
translation_error: 0.05108353334503618
