fitness: 0.012269938650306749
rmse: 0.0018824910136642718
rotation_error_deg: 34.28046015610508
translation_error: 0.09837024821774694
