fitness: 0.8894808477542291
rmse: 0.00981151062455115
rotation_error_deg: 36.98614371261534
translation_error: 0.10209332558228593
