fitness: 0.9800443458980045
rmse: 0.004941025268639092
rotation_error_deg: 3.250665153975814
translation_error: 0.09868065554462283
