fitness: 0.7952295009999513
rmse: 0.0059337578593605935
rotation_error_deg: 3.0700064689040456
translation_error: 0.05408148304908133
