fitness: 0.6865079365079365
rmse: 0.007091795495662878
rotation_error_deg: 0.5945471809217422
translation_error: 0.047945906822476354
