fitness: 0.7950310559006211
rmse: 0.010222511177626079
rotation_error_deg: 155.86399434186347
translation_error: 0.27446824389898483
