fitness: 0.9935465366413309
rmse: 0.0010796398362764325
rotation_error_deg: 0.36970852090563766
translation_error: 0.05097237420461862
