fitness: 0.8820375335120644
rmse: 0.009740979960162804
rotation_error_deg: 1.2005009328911886
translation_error: 0.045005413382531216
