fitness: 0.5845588235294118
rmse: 0.0017782872122592147
rotation_error_deg: 3.184698995956339
translation_error: 0.04716918355749171
