fitness: 0.94819441934901
rmse: 0.004732342497452404
rotation_error_deg: 1.2842738363081019
translation_error: 0.055513939903653595
