fitness: 0.010351966873706004
rmse: 0.0018739416400462337
rotation_error_deg: 24.559294114074124
translation_error: 0.0709774297032228
