fitness: 0.9413583167723416
rmse: 0.004520237384211709
rotation_error_deg: 6.700046832262017
translation_error: 0.026402687939225157
