fitness: 0.7388059701492538
rmse: 0.008780239735319202
rotation_error_deg: 8.843647367534304
translation_error: 0.06504971457340372
