fitness: 0.015345268542199489
rmse: 0.002020112027529029
rotation_error_deg: 45.20930910150579
translation_error: 0.04781963885123582
