fitness: 0.9505949768978601
rmse: 0.004830038429101245
rotation_error_deg: 0.4834092806489789
translation_error: 0.0544915263932314
