fitness: 0.7878103837471784
rmse: 0.009091864901697205
rotation_error_deg: 67.77892790343375
translation_error: 0.025460330177038946
