fitness: 1.0
rmse: 0.0012407559986990094
rotation_error_deg: 0.08395936643322471
translation_error: 0.05345088370474876
