fitness: 0.8240017956455595
rmse: 0.008404868296639395
rotation_error_deg: 73.87417347722132
translation_error: 0.1443333968903864
