fitness: 0.9495366665806252
rmse: 0.004698194460022879
rotation_error_deg: 1.1034883583037103
translation_error: 0.053909359727795585
