fitness: 1.0
rmse: 0.0031847654905485185
rotation_error_deg: 0.1334595154947588
translation_error: 0.05386038879698644
