fitness: 0.9910323926868044
rmse: 0.0019479950359222852
rotation_error_deg: 1.2298279406240251
translation_error: 0.10071364820444118
