fitness: 0.8859649122807017
rmse: 0.008232015777024091
rotation_error_deg: 8.16990853276542
translation_error: 0.026734220696177195
