fitness: 0.984375
rmse: 0.0036805882691170935
rotation_error_deg: 3.294629822928429
translation_error: 0.10061348904909558
