fitness: 0.7900102434027608
rmse: 0.005857115755111673
rotation_error_deg: 0.9434208956618716
translation_error: 0.050551445451512265
