fitness: 1.0
rmse: 0.002620418584664173
rotation_error_deg: 0.2495575112088783
translation_error: 0.05406396158228047
