fitness: 0.8241882169939724
rmse: 0.007609139014790833
rotation_error_deg: 10.336172188729131
translation_error: 0.0455771183241945
