fitness: 0.34198645598194133
rmse: 0.0017609463886140914
rotation_error_deg: 3.57596081925401
translation_error: 0.042751091998487284
