fitness: 0.8736270272413657
rmse: 0.0007059735214875512
rotation_error_deg: 0.4037588964918876
translation_error: 0.05138423729091928
