fitness: 0.4534967555875991
rmse: 0.0018455161323580748
rotation_error_deg: 2.9767704437387446
translation_error: 0.028886357804232276
