fitness: 0.9413583167723416
rmse: 0.0045202373842117135
rotation_error_deg: 6.700046832264307
translation_error: 0.026402687939225317
