fitness: 0.7408516430099163
rmse: 0.006710911214790514
rotation_error_deg: 0.6309646888096545
translation_error: 0.055266083278945895
