fitness: 0.7959183673469388
rmse: 0.001521061444743465
rotation_error_deg: 1.2013844402570917
translation_error: 0.05506202712946939
