fitness: 0.9959349593495935
rmse: 0.0044212081999892815
rotation_error_deg: 0.9696932198141703
translation_error: 0.05053212441206897
