fitness: 0.8682445070703544
rmse: 0.004977017650952913
rotation_error_deg: 0.6338332688655046
translation_error: 0.10321527936840738
