fitness: 0.9515758498748096
rmse: 0.004805278049952845
rotation_error_deg: 0.4479535209374363
translation_error: 0.05413100641735782
