fitness: 0.9899890699523053
rmse: 0.0019610970093842995
rotation_error_deg: 0.15560082358981533
translation_error: 0.10104659367677539
