fitness: 1.0
rmse: 0.0024240446207885115
rotation_error_deg: 0.23964902656196643
translation_error: 0.05386952040568654
