fitness: 0.9994983406652774
rmse: 0.0016317653592191868
rotation_error_deg: 0.11505716222544597
translation_error: 0.05170905918443272
