fitness: 0.9994983406652774
rmse: 0.001586746708860154
rotation_error_deg: 0.13947923754596767
translation_error: 0.051533311075779846
