fitness: 0.47265917602996255
rmse: 0.010144708839039935
rotation_error_deg: 59.57189904238832
translation_error: 0.07094676316218258
