fitness: 0.7483069977426636
rmse: 0.007023679625230316
rotation_error_deg: 1.1845636417751446
translation_error: 0.0479570478129986
