fitness: 0.9994983406652774
rmse: 0.0016399616349211694
rotation_error_deg: 0.21539859489324037
translation_error: 0.052035244697462305
