fitness: 0.9912280701754386
rmse: 0.005637652479939797
rotation_error_deg: 4.430726147070131
translation_error: 0.027398757228518613
