fitness: 0.9359576635725606
rmse: 0.008233548271079884
rotation_error_deg: 29.539865479395804
translation_error: 0.014910409734433592
