fitness: 0.9501880961977697
rmse: 0.0004942779797784641
rotation_error_deg: 0.15029401339772788
translation_error: 0.053711961303064756
