fitness: 0.8115213892005269
rmse: 0.007143724608944043
rotation_error_deg: 8.171442683457448
translation_error: 0.06541728342408594
